<?xml version="1.0"?>
<opencv_storage>
<calibration_Time>"Fri May  5 06:49:30 2017"</calibration_Time>
<nrOfFrames>25</nrOfFrames>
<image_Width>640</image_Width>
<image_Height>480</image_Height>
<board_Width>9</board_Width>
<board_Height>6</board_Height>
<square_Size>25.</square_Size>
<FixAspectRatio>1.</FixAspectRatio>
<!-- flags:  +fix_aspectRatio +fix_principal_point +zero_tangent_dist -->
<flagValue>14</flagValue>
<Camera_Matrix type_id="opencv-matrix">
  <rows>3</rows>
  <cols>3</cols>
  <dt>d</dt>
  <data>
    7.2921718759989767e+02 0. 3.1950000000000000e+02 0.
    7.2921718759989767e+02 2.3950000000000000e+02 0. 0. 1.</data></Camera_Matrix>
<Distortion_Coefficients type_id="opencv-matrix">
  <rows>5</rows>
  <cols>1</cols>
  <dt>d</dt>
  <data>
    2.6649737994969284e-02 6.5454958989392276e-01 0. 0.
    -2.5350993215594242e+00</data></Distortion_Coefficients>
<Avg_Reprojection_Error>4.6541047122146861e-01</Avg_Reprojection_Error>
<Per_View_Reprojection_Errors type_id="opencv-matrix">
  <rows>25</rows>
  <cols>1</cols>
  <dt>f</dt>
  <data>
    4.68352795e-01 4.61563498e-01 5.08341968e-01 5.30126274e-01
    5.36738157e-01 5.65028250e-01 5.91307998e-01 6.34959400e-01
    5.00842750e-01 5.02819002e-01 4.45271075e-01 5.04949689e-01
    4.04361337e-01 6.44146621e-01 4.00533944e-01 3.46370637e-01
    3.25186074e-01 3.06595057e-01 3.36105466e-01 3.38910192e-01
    4.18151349e-01 4.37638700e-01 5.04468977e-01 3.39180827e-01
    3.22398096e-01</data></Per_View_Reprojection_Errors>
<!-- a set of 6-tuples (rotation vector + translation vector) for each view -->
<Extrinsic_Parameters type_id="opencv-matrix">
  <rows>25</rows>
  <cols>6</cols>
  <dt>d</dt>
  <data>
    -5.5567877929684117e-01 -1.4409864135944578e-01
    -3.0780393455939348e+00 5.2168266725149408e+00
    1.1654198100135372e+02 5.1513273005508790e+02
    -5.5313124510801903e-01 -1.0795220393155337e-01
    -3.0732514945476623e+00 6.7160127444705777e+00
    1.1088730545488605e+02 5.0669116323043062e+02
    -5.7290242585420315e-01 -1.0719406184417564e-01
    -3.0774501947239443e+00 7.9748368848226887e+00
    1.0353863955587217e+02 4.9961053234596653e+02
    -6.3065235620007687e-01 -7.1831845900365981e-02
    -3.0722626543481519e+00 8.2024681214645518e+00
    9.2849033355083819e+01 4.8900689738465775e+02
    -6.3825405998643836e-01 -2.1856280778905932e-02
    -3.0633589422058902e+00 1.0470548149682465e+01
    8.7463860683392141e+01 4.8512240986966515e+02
    -6.4814837216959931e-01 -2.8835736835837084e-02
    -3.0560719688552949e+00 1.3383784732990074e+01
    7.8783376214158395e+01 4.8088076134963939e+02
    -6.8676434510514206e-01 -3.1551781243452599e-02
    -3.0427444460214521e+00 1.9061135216382585e+01
    6.9829232175642218e+01 4.7373487238661454e+02
    -6.7924753320279774e-01 -5.1553201580489726e-02
    -3.0110100061414533e+00 2.5737998792262033e+01
    6.2019314913274144e+01 4.7019249496158818e+02
    -6.3130608326870263e-01 -5.2248037088370870e-02
    -3.0088846598716268e+00 4.5543355503170908e+01
    4.6988779088707169e+01 4.6424269400297470e+02
    -5.7855072265368535e-01 -6.6914693873993500e-02
    -3.0228642376844319e+00 8.0216506117554331e+01
    2.6467047758005346e+01 4.5270289470995971e+02
    -4.7681366346357257e-01 -1.1963782842835202e-01
    -3.0053861748675801e+00 1.1859125505120254e+02
    3.0986311279454306e+01 4.6147631684504688e+02
    -4.3810005668134960e-01 -1.0087351966120127e-01
    -3.0149204445105955e+00 1.5837323119076643e+02
    2.8905313017373814e+01 4.7469408776221155e+02
    -5.2163502948309026e-01 -1.1813866253418194e-01
    -2.9884441605882022e+00 1.8248153964390232e+02
    3.0212491595372331e+01 4.7242751176420182e+02
    -5.9103016559861576e-01 -1.5710687735742865e-01
    -2.9887992096277762e+00 1.8649498550989145e+02
    7.8738333308472804e+01 5.1665268208139707e+02
    -4.5511908446187721e-01 -1.2603054173797629e-01
    -3.0977748034085200e+00 4.1726695294670213e+00
    1.4826828504474969e+02 5.7690972012459974e+02
    -3.5114483545403691e-01 -1.0395464907428990e-01
    -3.1124322806990823e+00 8.3582927024651053e+00
    1.4734670734846662e+02 5.8186260915854416e+02
    -2.5618561978476517e-01 -7.4576398970254532e-02
    -3.1148583018188130e+00 9.1489230489841908e+00
    1.4885224194375277e+02 5.8611524885072652e+02
    -1.6657519297342727e-01 -6.2061414905285876e-02
    -3.1159077853099557e+00 8.5770263970194716e+00
    1.4700783467905907e+02 5.8776845138808051e+02
    -1.6150206593084027e-01 -8.0888512469934157e-02
    -3.1029232844646475e+00 -2.0283395240516011e+00
    1.4884153559395176e+02 5.8791593747299191e+02
    -1.8245987619900322e-01 -5.8226436249889747e-02
    -3.1032098750642252e+00 -1.2659269885711559e+01
    1.4756425583202764e+02 5.9050212132945649e+02
    -2.2582796830440374e-01 -3.7165213383424656e-02
    -3.0987218134472037e+00 -2.8448524589757383e+01
    1.4863306774878049e+02 5.9087151616790732e+02
    -2.9432281110337111e-01 -2.6723939449901986e-02
    -3.0999836192062982e+00 -4.8670355832551031e+01
    1.4848628486714111e+02 5.9152445010358258e+02
    -3.5946310495362888e-01 -9.2328686368536462e-03
    -3.0916934159674918e+00 -7.0576106395506542e+01
    1.4907808026354451e+02 5.9325141607269666e+02
    -3.3425249350790448e-01 3.8488092347256649e-02
    -3.0928996140237102e+00 -4.3826977475918575e+01
    1.3174110027964829e+02 5.8003496612310812e+02
    -3.1536716085362054e-01 -9.6939641649413502e-02
    -3.0779150047324020e+00 3.2549417073596587e+01
    9.6155973775000270e+00 5.7634826009272501e+02</data></Extrinsic_Parameters>
